1 			 0.390015600624025 			 0.000000000000000e+00
2 			 0.780031201248050 			 0.000000000000000e+00
3 			 1.170046801872075 			 0.000000000000000e+00
4 			 1.560062402496100 			 0.000000000000000e+00
5 			 1.950078003120125 			 0.000000000000000e+00
6 			 2.340093603744150 			 0.000000000000000e+00
7 			 2.730109204368175 			 0.000000000000000e+00
8 			 3.120124804992200 			 0.000000000000000e+00
9 			 3.510140405616224 			 0.000000000000000e+00
10 			 3.900156006240249 			 0.000000000000000e+00
11 			 4.290171606864274 			 0.000000000000000e+00
12 			 4.680187207488300 			 0.000000000000000e+00
13 			 5.070202808112325 			 0.000000000000000e+00
14 			 5.460218408736349 			 0.000000000000000e+00
15 			 5.850234009360374 			 0.000000000000000e+00
16 			 6.240249609984399 			 0.000000000000000e+00
17 			 6.630265210608425 			 0.000000000000000e+00
18 			 7.020280811232449 			 0.000000000000000e+00
19 			 7.410296411856474 			 0.000000000000000e+00
20 			 7.800312012480498 			 0.000000000000000e+00
21 			 8.190327613104525 			 0.000000000000000e+00
22 			 8.580343213728549 			 0.000000000000000e+00
23 			 8.970358814352574 			 0.000000000000000e+00
24 			 9.360374414976599 			 0.000000000000000e+00
25 			 9.750390015600624 			 0.000000000000000e+00
26 			 10.140405616224649 			 0.000000000000000e+00
27 			 10.530421216848673 			 0.000000000000000e+00
28 			 10.920436817472698 			 0.000000000000000e+00
29 			 11.310452418096725 			 0.000000000000000e+00
30 			 11.700468018720748 			 0.000000000000000e+00
31 			 12.090483619344774 			 0.000000000000000e+00
32 			 12.480499219968799 			 0.000000000000000e+00
33 			 12.870514820592824 			 0.000000000000000e+00
34 			 13.260530421216851 			 0.000000000000000e+00
35 			 13.650546021840874 			 0.000000000000000e+00
36 			 14.040561622464898 			 0.000000000000000e+00
37 			 14.430577223088923 			 0.000000000000000e+00
38 			 14.820592823712948 			 0.000000000000000e+00
39 			 15.210608424336973 			 0.000000000000000e+00
40 			 15.600624024960997 			 0.000000000000000e+00
41 			 15.990639625585025 			 0.000000000000000e+00
42 			 16.380655226209051 			 0.000000000000000e+00
43 			 16.770670826833072 			 0.000000000000000e+00
44 			 17.160686427457097 			 0.000000000000000e+00
45 			 17.550702028081123 			 0.000000000000000e+00
46 			 17.940717628705148 			 0.000000000000000e+00
47 			 18.330733229329173 			 0.000000000000000e+00
48 			 18.720748829953198 			 0.000000000000000e+00
49 			 19.110764430577223 			 0.000000000000000e+00
50 			 19.500780031201248 			 0.000000000000000e+00
51 			 19.890795631825274 			 0.000000000000000e+00
52 			 20.280811232449299 			 0.000000000000000e+00
53 			 20.670826833073324 			 0.000000000000000e+00
54 			 21.060842433697346 			 0.000000000000000e+00
55 			 21.450858034321371 			 0.000000000000000e+00
56 			 21.840873634945396 			 0.000000000000000e+00
57 			 22.230889235569425 			 0.000000000000000e+00
58 			 22.620904836193450 			 0.000000000000000e+00
59 			 23.010920436817472 			 0.000000000000000e+00
60 			 23.400936037441497 			 0.000000000000000e+00
61 			 23.790951638065525 			 0.000000000000000e+00
62 			 24.180967238689547 			 0.000000000000000e+00
63 			 24.570982839313572 			 0.000000000000000e+00
64 			 24.960998439937597 			 0.000000000000000e+00
65 			 25.351014040561623 			 0.000000000000000e+00
66 			 25.741029641185648 			 0.000000000000000e+00
67 			 26.131045241809673 			 0.000000000000000e+00
68 			 26.521060842433702 			 0.000000000000000e+00
69 			 26.911076443057727 			 0.000000000000000e+00
70 			 27.301092043681749 			 0.000000000000000e+00
71 			 27.691107644305770 			 0.000000000000000e+00
72 			 28.081123244929795 			 0.000000000000000e+00
73 			 28.471138845553821 			 0.000000000000000e+00
74 			 28.861154446177846 			 0.000000000000000e+00
75 			 29.251170046801871 			 0.000000000000000e+00
76 			 29.641185647425896 			 0.000000000000000e+00
77 			 30.031201248049925 			 0.000000000000000e+00
78 			 30.421216848673946 			 0.000000000000000e+00
79 			 30.811232449297968 			 0.000000000000000e+00
80 			 31.201248049921993 			 0.000000000000000e+00
81 			 31.591263650546026 			 0.000000000000000e+00
82 			 31.981279251170051 			 0.000000000000000e+00
83 			 32.371294851794076 			 0.000000000000000e+00
84 			 32.761310452418101 			 0.000000000000000e+00
85 			 33.151326053042126 			 0.000000000000000e+00
86 			 33.541341653666144 			 0.000000000000000e+00
87 			 33.931357254290170 			 0.000000000000000e+00
88 			 34.321372854914195 			 0.000000000000000e+00
89 			 34.711388455538220 			 0.000000000000000e+00
90 			 35.101404056162245 			 0.000000000000000e+00
91 			 35.491419656786270 			 0.000000000000000e+00
92 			 35.881435257410295 			 0.000000000000000e+00
93 			 36.271450858034321 			 0.000000000000000e+00
94 			 36.661466458658346 			 0.000000000000000e+00
95 			 37.051482059282371 			 0.000000000000000e+00
96 			 37.441497659906396 			 0.000000000000000e+00
97 			 37.831513260530421 			 0.000000000000000e+00
98 			 38.221528861154447 			 0.000000000000000e+00
99 			 38.611544461778472 			 0.000000000000000e+00
100 			 39.001560062402497 			 0.000000000000000e+00
101 			 39.391575663026522 			 0.000000000000000e+00
102 			 39.781591263650547 			 0.000000000000000e+00
103 			 40.171606864274573 			 0.000000000000000e+00
104 			 40.561622464898598 			 0.000000000000000e+00
105 			 40.951638065522623 			 0.000000000000000e+00
106 			 41.341653666146648 			 0.000000000000000e+00
107 			 41.731669266770666 			 0.000000000000000e+00
108 			 42.121684867394691 			 0.000000000000000e+00
109 			 42.511700468018716 			 0.000000000000000e+00
110 			 42.901716068642742 			 0.000000000000000e+00
111 			 43.291731669266767 			 0.000000000000000e+00
112 			 43.681747269890792 			 0.000000000000000e+00
113 			 44.071762870514824 			 0.000000000000000e+00
114 			 44.461778471138850 			 0.000000000000000e+00
115 			 44.851794071762875 			 0.000000000000000e+00
116 			 45.241809672386900 			 0.000000000000000e+00
117 			 45.631825273010925 			 0.000000000000000e+00
118 			 46.021840873634943 			 0.000000000000000e+00
119 			 46.411856474258968 			 0.000000000000000e+00
120 			 46.801872074882994 			 0.000000000000000e+00
121 			 47.191887675507019 			 0.000000000000000e+00
122 			 47.581903276131051 			 0.000000000000000e+00
123 			 47.971918876755069 			 0.000000000000000e+00
124 			 48.361934477379094 			 0.000000000000000e+00
125 			 48.751950078003119 			 0.000000000000000e+00
126 			 49.141965678627145 			 0.000000000000000e+00
127 			 49.531981279251170 			 0.000000000000000e+00
128 			 49.921996879875195 			 0.000000000000000e+00
129 			 50.312012480499220 			 0.000000000000000e+00
130 			 50.702028081123245 			 0.000000000000000e+00
131 			 51.092043681747271 			 0.000000000000000e+00
132 			 51.482059282371296 			 0.000000000000000e+00
133 			 51.872074882995321 			 0.000000000000000e+00
134 			 52.262090483619346 			 0.000000000000000e+00
135 			 52.652106084243378 			 0.000000000000000e+00
136 			 53.042121684867404 			 0.000000000000000e+00
137 			 53.432137285491429 			 0.000000000000000e+00
138 			 53.822152886115454 			 0.000000000000000e+00
139 			 54.212168486739472 			 0.000000000000000e+00
140 			 54.602184087363497 			 0.000000000000000e+00
141 			 54.992199687987508 			 0.000000000000000e+00
142 			 55.382215288611540 			 0.000000000000000e+00
143 			 55.772230889235566 			 0.000000000000000e+00
144 			 56.162246489859591 			 0.000000000000000e+00
145 			 56.552262090483616 			 0.000000000000000e+00
146 			 56.942277691107641 			 0.000000000000000e+00
147 			 57.332293291731666 			 0.000000000000000e+00
148 			 57.722308892355692 			 0.000000000000000e+00
149 			 58.112324492979717 			 0.000000000000000e+00
150 			 58.502340093603742 			 0.000000000000000e+00
151 			 58.892355694227767 			 0.000000000000000e+00
152 			 59.282371294851792 			 0.000000000000000e+00
153 			 59.672386895475817 			 0.000000000000000e+00
154 			 60.062402496099850 			 0.000000000000000e+00
155 			 60.452418096723868 			 0.000000000000000e+00
156 			 60.842433697347893 			 0.000000000000000e+00
157 			 61.232449297971911 			 0.000000000000000e+00
158 			 61.622464898595936 			 0.000000000000000e+00
159 			 62.012480499219961 			 0.000000000000000e+00
160 			 62.402496099843987 			 0.000000000000000e+00
161 			 62.792511700468026 			 0.000000000000000e+00
162 			 63.182527301092051 			 0.000000000000000e+00
163 			 63.572542901716076 			 0.000000000000000e+00
164 			 63.962558502340102 			 0.000000000000000e+00
165 			 64.352574102964127 			 0.000000000000000e+00
166 			 64.742589703588152 			 0.000000000000000e+00
167 			 65.132605304212177 			 0.000000000000000e+00
168 			 65.522620904836202 			 0.000000000000000e+00
169 			 65.912636505460227 			 0.000000000000000e+00
170 			 66.302652106084253 			 0.000000000000000e+00
171 			 66.692667706708278 			 0.000000000000000e+00
172 			 67.082683307332289 			 0.000000000000000e+00
173 			 67.472698907956314 			 0.000000000000000e+00
174 			 67.862714508580339 			 0.000000000000000e+00
175 			 68.252730109204364 			 0.000000000000000e+00
176 			 68.642745709828390 			 0.000000000000000e+00
177 			 69.032761310452415 			 0.000000000000000e+00
178 			 69.422776911076440 			 0.000000000000000e+00
179 			 69.812792511700465 			 0.000000000000000e+00
180 			 70.202808112324490 			 0.000000000000000e+00
181 			 70.592823712948515 			 0.000000000000000e+00
182 			 70.982839313572541 			 0.000000000000000e+00
183 			 71.372854914196566 			 0.000000000000000e+00
184 			 71.762870514820591 			 0.000000000000000e+00
185 			 72.152886115444616 			 0.000000000000000e+00
186 			 72.542901716068641 			 0.000000000000000e+00
187 			 72.932917316692667 			 0.000000000000000e+00
188 			 73.322932917316692 			 0.000000000000000e+00
189 			 73.712948517940717 			 0.000000000000000e+00
190 			 74.102964118564742 			 0.000000000000000e+00
191 			 74.492979719188767 			 0.000000000000000e+00
192 			 74.882995319812792 			 0.000000000000000e+00
193 			 75.273010920436818 			 0.000000000000000e+00
194 			 75.663026521060843 			 0.000000000000000e+00
195 			 76.053042121684868 			 0.000000000000000e+00
196 			 76.443057722308893 			 0.000000000000000e+00
197 			 76.833073322932918 			 0.000000000000000e+00
198 			 77.223088923556944 			 0.000000000000000e+00
199 			 77.613104524180969 			 0.000000000000000e+00
200 			 78.003120124804994 			 0.000000000000000e+00
201 			 78.393135725429019 			 0.000000000000000e+00
202 			 78.783151326053044 			 0.000000000000000e+00
203 			 79.173166926677069 			 0.000000000000000e+00
204 			 79.563182527301095 			 0.000000000000000e+00
205 			 79.953198127925120 			 0.000000000000000e+00
206 			 80.343213728549145 			 0.000000000000000e+00
207 			 80.733229329173170 			 0.000000000000000e+00
208 			 81.123244929797195 			 0.000000000000000e+00
209 			 81.513260530421221 			 0.000000000000000e+00
210 			 81.903276131045246 			 0.000000000000000e+00
211 			 82.293291731669271 			 0.000000000000000e+00
212 			 82.683307332293296 			 0.000000000000000e+00
213 			 83.073322932917307 			 0.000000000000000e+00
214 			 83.463338533541332 			 0.000000000000000e+00
215 			 83.853354134165357 			 0.000000000000000e+00
216 			 84.243369734789383 			 0.000000000000000e+00
217 			 84.633385335413408 			 0.000000000000000e+00
218 			 85.023400936037433 			 0.000000000000000e+00
219 			 85.413416536661458 			 0.000000000000000e+00
220 			 85.803432137285483 			 0.000000000000000e+00
221 			 86.193447737909509 			 0.000000000000000e+00
222 			 86.583463338533534 			 0.000000000000000e+00
223 			 86.973478939157559 			 0.000000000000000e+00
224 			 87.363494539781584 			 0.000000000000000e+00
225 			 87.753510140405623 			 0.000000000000000e+00
226 			 88.143525741029649 			 0.000000000000000e+00
227 			 88.533541341653674 			 0.000000000000000e+00
228 			 88.923556942277699 			 0.000000000000000e+00
229 			 89.313572542901724 			 0.000000000000000e+00
230 			 89.703588143525749 			 0.000000000000000e+00
231 			 90.093603744149775 			 0.000000000000000e+00
232 			 90.483619344773800 			 0.000000000000000e+00
233 			 90.873634945397825 			 0.000000000000000e+00
234 			 91.263650546021850 			 0.000000000000000e+00
235 			 91.653666146645861 			 0.000000000000000e+00
236 			 92.043681747269886 			 0.000000000000000e+00
237 			 92.433697347893911 			 0.000000000000000e+00
238 			 92.823712948517937 			 0.000000000000000e+00
239 			 93.213728549141962 			 0.000000000000000e+00
240 			 93.603744149765987 			 0.000000000000000e+00
241 			 93.993759750390012 			 0.000000000000000e+00
242 			 94.383775351014037 			 0.000000000000000e+00
243 			 94.773790951638063 			 0.000000000000000e+00
244 			 95.163806552262102 			 0.000000000000000e+00
245 			 95.553822152886113 			 0.000000000000000e+00
246 			 95.943837753510138 			 0.000000000000000e+00
247 			 96.333853354134163 			 0.000000000000000e+00
248 			 96.723868954758188 			 0.000000000000000e+00
249 			 97.113884555382214 			 0.000000000000000e+00
250 			 97.503900156006239 			 0.000000000000000e+00
251 			 97.893915756630264 			 0.000000000000000e+00
252 			 98.283931357254289 			 0.000000000000000e+00
253 			 98.673946957878314 			 0.000000000000000e+00
254 			 99.063962558502340 			 0.000000000000000e+00
255 			 99.453978159126365 			 0.000000000000000e+00
256 			 99.843993759750390 			 0.000000000000000e+00
257 			 100.234009360374415 			 0.000000000000000e+00
258 			 100.624024960998440 			 0.000000000000000e+00
259 			 101.014040561622465 			 0.000000000000000e+00
260 			 101.404056162246491 			 0.000000000000000e+00
261 			 101.794071762870516 			 0.000000000000000e+00
262 			 102.184087363494541 			 0.000000000000000e+00
263 			 102.574102964118566 			 0.000000000000000e+00
264 			 102.964118564742591 			 0.000000000000000e+00
265 			 103.354134165366617 			 0.000000000000000e+00
266 			 103.744149765990642 			 0.000000000000000e+00
267 			 104.134165366614667 			 0.000000000000000e+00
268 			 104.524180967238692 			 0.000000000000000e+00
269 			 104.914196567862732 			 0.000000000000000e+00
270 			 105.304212168486757 			 0.000000000000000e+00
271 			 105.694227769110782 			 0.000000000000000e+00
272 			 106.084243369734807 			 0.000000000000000e+00
273 			 106.474258970358832 			 0.000000000000000e+00
274 			 106.864274570982857 			 0.000000000000000e+00
275 			 107.254290171606883 			 0.000000000000000e+00
276 			 107.644305772230908 			 0.000000000000000e+00
277 			 108.034321372854919 			 0.000000000000000e+00
278 			 108.424336973478944 			 0.000000000000000e+00
279 			 108.814352574102969 			 0.000000000000000e+00
280 			 109.204368174726994 			 0.000000000000000e+00
281 			 109.594383775351019 			 0.000000000000000e+00
282 			 109.984399375975016 			 0.000000000000000e+00
283 			 110.374414976599041 			 0.000000000000000e+00
284 			 110.764430577223081 			 0.000000000000000e+00
285 			 111.154446177847106 			 0.000000000000000e+00
286 			 111.544461778471131 			 0.000000000000000e+00
287 			 111.934477379095156 			 0.000000000000000e+00
288 			 112.324492979719182 			 0.000000000000000e+00
289 			 112.714508580343207 			 0.000000000000000e+00
290 			 113.104524180967232 			 0.000000000000000e+00
291 			 113.494539781591257 			 0.000000000000000e+00
292 			 113.884555382215282 			 0.000000000000000e+00
293 			 114.274570982839307 			 0.000000000000000e+00
294 			 114.664586583463333 			 0.000000000000000e+00
295 			 115.054602184087358 			 0.000000000000000e+00
296 			 115.444617784711383 			 0.000000000000000e+00
297 			 115.834633385335408 			 0.000000000000000e+00
298 			 116.224648985959433 			 0.000000000000000e+00
299 			 116.614664586583459 			 0.000000000000000e+00
300 			 117.004680187207484 			 0.000000000000000e+00
301 			 117.394695787831509 			 0.000000000000000e+00
302 			 117.784711388455534 			 0.000000000000000e+00
303 			 118.174726989079559 			 0.000000000000000e+00
304 			 118.564742589703584 			 0.000000000000000e+00
305 			 118.954758190327610 			 0.000000000000000e+00
306 			 119.344773790951635 			 0.000000000000000e+00
307 			 119.734789391575660 			 0.000000000000000e+00
308 			 120.124804992199699 			 0.000000000000000e+00
309 			 120.514820592823725 			 0.000000000000000e+00
310 			 120.904836193447736 			 0.000000000000000e+00
311 			 121.294851794071761 			 0.000000000000000e+00
312 			 121.684867394695786 			 0.000000000000000e+00
313 			 122.074882995319797 			 0.000000000000000e+00
314 			 122.464898595943822 			 0.000000000000000e+00
315 			 122.854914196567847 			 0.000000000000000e+00
316 			 123.244929797191872 			 0.000000000000000e+00
317 			 123.634945397815898 			 0.000000000000000e+00
318 			 124.024960998439923 			 0.000000000000000e+00
319 			 124.414976599063948 			 0.000000000000000e+00
320 			 124.804992199687973 			 0.000000000000000e+00
321 			 125.195007800312027 			 0.000000000000000e+00
322 			 125.585023400936052 			 0.000000000000000e+00
323 			 125.975039001560077 			 0.000000000000000e+00
324 			 126.365054602184102 			 0.000000000000000e+00
325 			 126.755070202808128 			 0.000000000000000e+00
326 			 127.145085803432153 			 0.000000000000000e+00
327 			 127.535101404056178 			 0.000000000000000e+00
328 			 127.925117004680203 			 0.000000000000000e+00
329 			 128.315132605304228 			 0.000000000000000e+00
330 			 128.705148205928253 			 0.000000000000000e+00
331 			 129.095163806552279 			 0.000000000000000e+00
332 			 129.485179407176304 			 0.000000000000000e+00
333 			 129.875195007800329 			 0.000000000000000e+00
334 			 130.265210608424354 			 0.000000000000000e+00
335 			 130.655226209048379 			 0.000000000000000e+00
336 			 131.045241809672405 			 0.000000000000000e+00
337 			 131.435257410296430 			 0.000000000000000e+00
338 			 131.825273010920455 			 0.000000000000000e+00
339 			 132.215288611544480 			 0.000000000000000e+00
340 			 132.605304212168505 			 0.000000000000000e+00
341 			 132.995319812792530 			 0.000000000000000e+00
342 			 133.385335413416556 			 0.000000000000000e+00
343 			 133.775351014040581 			 0.000000000000000e+00
344 			 134.165366614664578 			 0.000000000000000e+00
345 			 134.555382215288603 			 0.000000000000000e+00
346 			 134.945397815912628 			 0.000000000000000e+00
347 			 135.335413416536653 			 0.000000000000000e+00
348 			 135.725429017160678 			 0.000000000000000e+00
349 			 136.115444617784703 			 0.000000000000000e+00
350 			 136.505460218408729 			 0.000000000000000e+00
351 			 136.895475819032754 			 0.000000000000000e+00
352 			 137.285491419656779 			 0.000000000000000e+00
353 			 137.675507020280804 			 0.000000000000000e+00
354 			 138.065522620904829 			 0.000000000000000e+00
355 			 138.455538221528855 			 0.000000000000000e+00
356 			 138.845553822152880 			 0.000000000000000e+00
357 			 139.235569422776905 			 0.000000000000000e+00
358 			 139.625585023400930 			 0.000000000000000e+00
359 			 140.015600624024955 			 0.000000000000000e+00
360 			 140.405616224648981 			 0.000000000000000e+00
361 			 140.795631825273006 			 0.000000000000000e+00
362 			 141.185647425897031 			 0.000000000000000e+00
363 			 141.575663026521056 			 0.000000000000000e+00
364 			 141.965678627145081 			 0.000000000000000e+00
365 			 142.355694227769106 			 0.000000000000000e+00
366 			 142.745709828393132 			 0.000000000000000e+00
367 			 143.135725429017157 			 0.000000000000000e+00
368 			 143.525741029641182 			 0.000000000000000e+00
369 			 143.915756630265207 			 0.000000000000000e+00
370 			 144.305772230889232 			 0.000000000000000e+00
371 			 144.695787831513258 			 0.000000000000000e+00
372 			 145.085803432137283 			 0.000000000000000e+00
373 			 145.475819032761308 			 0.000000000000000e+00
374 			 145.865834633385333 			 0.000000000000000e+00
375 			 146.255850234009358 			 0.000000000000000e+00
376 			 146.645865834633383 			 0.000000000000000e+00
377 			 147.035881435257409 			 0.000000000000000e+00
378 			 147.425897035881434 			 0.000000000000000e+00
379 			 147.815912636505459 			 0.000000000000000e+00
380 			 148.205928237129484 			 0.000000000000000e+00
381 			 148.595943837753509 			 0.000000000000000e+00
382 			 148.985959438377535 			 0.000000000000000e+00
383 			 149.375975039001560 			 0.000000000000000e+00
384 			 149.765990639625585 			 0.000000000000000e+00
385 			 150.156006240249610 			 0.000000000000000e+00
386 			 150.546021840873635 			 0.000000000000000e+00
387 			 150.936037441497660 			 0.000000000000000e+00
388 			 151.326053042121686 			 0.000000000000000e+00
389 			 151.716068642745711 			 0.000000000000000e+00
390 			 152.106084243369736 			 0.000000000000000e+00
391 			 152.496099843993761 			 0.000000000000000e+00
392 			 152.886115444617786 			 0.000000000000000e+00
393 			 153.276131045241812 			 0.000000000000000e+00
394 			 153.666146645865837 			 0.000000000000000e+00
395 			 154.056162246489862 			 0.000000000000000e+00
396 			 154.446177847113887 			 0.000000000000000e+00
397 			 154.836193447737912 			 0.000000000000000e+00
398 			 155.226209048361937 			 0.000000000000000e+00
399 			 155.616224648985963 			 0.000000000000000e+00
400 			 156.006240249609988 			 0.000000000000000e+00
401 			 156.396255850234013 			 0.000000000000000e+00
402 			 156.786271450858038 			 0.000000000000000e+00
403 			 157.176287051482063 			 0.000000000000000e+00
404 			 157.566302652106089 			 0.000000000000000e+00
405 			 157.956318252730114 			 0.000000000000000e+00
406 			 158.346333853354139 			 0.000000000000000e+00
407 			 158.736349453978164 			 0.000000000000000e+00
408 			 159.126365054602189 			 0.000000000000000e+00
409 			 159.516380655226214 			 0.000000000000000e+00
410 			 159.906396255850240 			 0.000000000000000e+00
411 			 160.296411856474265 			 0.000000000000000e+00
412 			 160.686427457098290 			 0.000000000000000e+00
413 			 161.076443057722315 			 0.000000000000000e+00
414 			 161.466458658346340 			 0.000000000000000e+00
415 			 161.856474258970366 			 0.000000000000000e+00
416 			 162.246489859594391 			 0.000000000000000e+00
417 			 162.636505460218416 			 0.000000000000000e+00
418 			 163.026521060842441 			 0.000000000000000e+00
419 			 163.416536661466466 			 0.000000000000000e+00
420 			 163.806552262090491 			 0.000000000000000e+00
421 			 164.196567862714517 			 0.000000000000000e+00
422 			 164.586583463338542 			 0.000000000000000e+00
423 			 164.976599063962567 			 0.000000000000000e+00
424 			 165.366614664586592 			 0.000000000000000e+00
425 			 165.756630265210617 			 0.000000000000000e+00
426 			 166.146645865834614 			 0.000000000000000e+00
427 			 166.536661466458639 			 0.000000000000000e+00
428 			 166.926677067082665 			 0.000000000000000e+00
429 			 167.316692667706690 			 0.000000000000000e+00
430 			 167.706708268330715 			 0.000000000000000e+00
431 			 168.096723868954740 			 0.000000000000000e+00
432 			 168.486739469578765 			 0.000000000000000e+00
433 			 168.876755070202790 			 0.000000000000000e+00
434 			 169.266770670826816 			 0.000000000000000e+00
435 			 169.656786271450841 			 0.000000000000000e+00
436 			 170.046801872074866 			 0.000000000000000e+00
437 			 170.436817472698891 			 0.000000000000000e+00
438 			 170.826833073322916 			 0.000000000000000e+00
439 			 171.216848673946942 			 0.000000000000000e+00
440 			 171.606864274570967 			 0.000000000000000e+00
441 			 171.996879875194992 			 0.000000000000000e+00
442 			 172.386895475819017 			 0.000000000000000e+00
443 			 172.776911076443042 			 0.000000000000000e+00
444 			 173.166926677067067 			 0.000000000000000e+00
445 			 173.556942277691093 			 0.000000000000000e+00
446 			 173.946957878315118 			 0.000000000000000e+00
447 			 174.336973478939143 			 0.000000000000000e+00
448 			 174.726989079563168 			 0.000000000000000e+00
449 			 175.117004680187222 			 0.000000000000000e+00
450 			 175.507020280811247 			 0.000000000000000e+00
451 			 175.897035881435272 			 0.000000000000000e+00
452 			 176.287051482059297 			 0.000000000000000e+00
453 			 176.677067082683322 			 0.000000000000000e+00
454 			 177.067082683307348 			 0.000000000000000e+00
455 			 177.457098283931373 			 0.000000000000000e+00
456 			 177.847113884555398 			 0.000000000000000e+00
457 			 178.237129485179423 			 0.000000000000000e+00
458 			 178.627145085803448 			 0.000000000000000e+00
459 			 179.017160686427474 			 0.000000000000000e+00
460 			 179.407176287051499 			 0.000000000000000e+00
461 			 179.797191887675524 			 0.000000000000000e+00
462 			 180.187207488299549 			 0.000000000000000e+00
463 			 180.577223088923574 			 0.000000000000000e+00
464 			 180.967238689547600 			 0.000000000000000e+00
465 			 181.357254290171625 			 0.000000000000000e+00
466 			 181.747269890795650 			 0.000000000000000e+00
467 			 182.137285491419675 			 0.000000000000000e+00
468 			 182.527301092043700 			 0.000000000000000e+00
469 			 182.917316692667697 			 0.000000000000000e+00
470 			 183.307332293291722 			 0.000000000000000e+00
471 			 183.697347893915747 			 0.000000000000000e+00
472 			 184.087363494539773 			 0.000000000000000e+00
473 			 184.477379095163798 			 0.000000000000000e+00
474 			 184.867394695787823 			 0.000000000000000e+00
475 			 185.257410296411848 			 0.000000000000000e+00
476 			 185.647425897035873 			 0.000000000000000e+00
477 			 186.037441497659898 			 0.000000000000000e+00
478 			 186.427457098283924 			 0.000000000000000e+00
479 			 186.817472698907949 			 0.000000000000000e+00
480 			 187.207488299531974 			 0.000000000000000e+00
481 			 187.597503900155999 			 0.000000000000000e+00
482 			 187.987519500780024 			 0.000000000000000e+00
483 			 188.377535101404050 			 0.000000000000000e+00
484 			 188.767550702028075 			 0.000000000000000e+00
485 			 189.157566302652100 			 0.000000000000000e+00
486 			 189.547581903276125 			 0.000000000000000e+00
487 			 189.937597503900150 			 0.000000000000000e+00
488 			 190.327613104524204 			 0.000000000000000e+00
489 			 190.717628705148229 			 0.000000000000000e+00
490 			 191.107644305772226 			 0.000000000000000e+00
491 			 191.497659906396251 			 -2.564102564102564e-02
492 			 191.887675507020276 			 -2.702702702702703e-02
493 			 192.277691107644301 			 -2.855269882296909e-02
494 			 192.667706708268327 			 -3.026116740402455e-02
495 			 193.057722308892352 			 -3.216642806085621e-02
496 			 193.447737909516377 			 -3.432892246269117e-02
497 			 193.837753510140402 			 -3.678087672773513e-02
498 			 194.227769110764427 			 -3.961392654880574e-02
499 			 194.617784711388452 			 -4.289757803061840e-02
500 			 195.007800312012478 			 -4.678578116976678e-02
501 			 195.397815912636503 			 4.881845239370745e-02
502 			 195.787831513260528 			 4.356489567669354e-02
503 			 196.177847113884553 			 3.980584635215963e-02
504 			 196.567862714508578 			 3.628765869952347e-02
505 			 196.957878315132604 			 3.341216880519925e-02
506 			 197.347893915756629 			 3.107925238180754e-02
507 			 197.737909516380654 			 2.877373442853079e-02
508 			 198.127925117004679 			 2.731053744582205e-02
509 			 198.517940717628704 			 2.539448729862946e-02
510 			 198.907956318252729 			 -2.805120912435387e-02
511 			 199.297971918876755 			 -2.835942809151134e-02
512 			 199.687987519500780 			 -2.918861181143281e-02
513 			 200.078003120124805 			 -3.037894704041509e-02
514 			 200.468018720748830 			 3.461371131456914e-02
515 			 200.858034321372855 			 3.087115403538120e-02
516 			 201.248049921996881 			 2.888616377491247e-02
517 			 201.638065522620906 			 2.624063338006598e-02
518 			 202.028081123244931 			 2.469879250759187e-02
519 			 202.418096723868956 			 -1.690778899070582e-03
520 			 202.808112324492981 			 -9.499029285651409e-04
521 			 203.198127925117006 			 -7.598020419111579e-04
522 			 203.588143525741032 			 -3.486236499481372e-04
523 			 203.978159126365057 			 5.395577003846990e-04
524 			 204.368174726989082 			 7.904216426155539e-04
525 			 204.758190327613107 			 1.064731089487280e-03
526 			 205.148205928237132 			 1.058731057546295e-03
527 			 205.538221528861158 			 5.860209165592851e-04
528 			 205.928237129485183 			 3.616005188462421e-04
529 			 206.318252730109208 			 1.197457610831585e-04
530 			 206.708268330733233 			 7.641333924976219e-06
531 			 207.098283931357258 			 -6.781215983088690e-05
532 			 207.488299531981284 			 4.706994396530606e-05
533 			 207.878315132605309 			 -5.457619822712272e-05
534 			 208.268330733229334 			 -3.397019178981546e-05
535 			 208.658346333853359 			 2.675146775125311e-05
536 			 209.048361934477384 			 -3.186536363763711e-05
537 			 209.438377535101438 			 1.858641172887351e-04
538 			 209.828393135725463 			 1.158195668644684e-04
539 			 210.218408736349488 			 2.450720347297148e-04
540 			 210.608424336973513 			 1.563696596127112e-04
541 			 210.998439937597539 			 1.892900554483087e-04
542 			 211.388455538221564 			 7.926530374133904e-05
543 			 211.778471138845589 			 7.508365096722686e-05
544 			 212.168486739469614 			 1.776924853847931e-05
545 			 212.558502340093639 			 1.685800502368549e-05
546 			 212.948517940717664 			 0.000000000000000e+00
547 			 213.338533541341690 			 0.000000000000000e+00
548 			 213.728549141965715 			 0.000000000000000e+00
549 			 214.118564742589740 			 0.000000000000000e+00
550 			 214.508580343213765 			 0.000000000000000e+00
551 			 214.898595943837790 			 0.000000000000000e+00
552 			 215.288611544461816 			 0.000000000000000e+00
553 			 215.678627145085812 			 0.000000000000000e+00
554 			 216.068642745709838 			 0.000000000000000e+00
555 			 216.458658346333863 			 0.000000000000000e+00
556 			 216.848673946957888 			 0.000000000000000e+00
557 			 217.238689547581913 			 0.000000000000000e+00
558 			 217.628705148205938 			 0.000000000000000e+00
559 			 218.018720748829963 			 0.000000000000000e+00
560 			 218.408736349453989 			 0.000000000000000e+00
561 			 218.798751950078014 			 0.000000000000000e+00
562 			 219.188767550702039 			 0.000000000000000e+00
563 			 219.578783151326007 			 0.000000000000000e+00
564 			 219.968798751950033 			 0.000000000000000e+00
565 			 220.358814352574058 			 0.000000000000000e+00
566 			 220.748829953198083 			 0.000000000000000e+00
567 			 221.138845553822136 			 0.000000000000000e+00
568 			 221.528861154446162 			 0.000000000000000e+00
569 			 221.918876755070187 			 0.000000000000000e+00
570 			 222.308892355694212 			 0.000000000000000e+00
571 			 222.698907956318237 			 0.000000000000000e+00
572 			 223.088923556942262 			 0.000000000000000e+00
573 			 223.478939157566288 			 0.000000000000000e+00
574 			 223.868954758190313 			 0.000000000000000e+00
575 			 224.258970358814338 			 0.000000000000000e+00
576 			 224.648985959438363 			 0.000000000000000e+00
577 			 225.039001560062388 			 0.000000000000000e+00
578 			 225.429017160686413 			 0.000000000000000e+00
579 			 225.819032761310439 			 0.000000000000000e+00
580 			 226.209048361934464 			 0.000000000000000e+00
581 			 226.599063962558489 			 0.000000000000000e+00
582 			 226.989079563182514 			 0.000000000000000e+00
583 			 227.379095163806539 			 0.000000000000000e+00
584 			 227.769110764430565 			 0.000000000000000e+00
585 			 228.159126365054590 			 0.000000000000000e+00
586 			 228.549141965678615 			 0.000000000000000e+00
587 			 228.939157566302640 			 0.000000000000000e+00
588 			 229.329173166926665 			 0.000000000000000e+00
589 			 229.719188767550690 			 0.000000000000000e+00
590 			 230.109204368174716 			 0.000000000000000e+00
591 			 230.499219968798741 			 0.000000000000000e+00
592 			 230.889235569422766 			 0.000000000000000e+00
593 			 231.279251170046791 			 0.000000000000000e+00
594 			 231.669266770670816 			 0.000000000000000e+00
595 			 232.059282371294842 			 0.000000000000000e+00
596 			 232.449297971918867 			 0.000000000000000e+00
597 			 232.839313572542892 			 0.000000000000000e+00
598 			 233.229329173166917 			 0.000000000000000e+00
599 			 233.619344773790942 			 0.000000000000000e+00
600 			 234.009360374414968 			 0.000000000000000e+00
601 			 234.399375975038993 			 0.000000000000000e+00
602 			 234.789391575663018 			 0.000000000000000e+00
603 			 235.179407176287043 			 0.000000000000000e+00
604 			 235.569422776911068 			 0.000000000000000e+00
605 			 235.959438377535093 			 0.000000000000000e+00
606 			 236.349453978159119 			 0.000000000000000e+00
607 			 236.739469578783144 			 0.000000000000000e+00
608 			 237.129485179407169 			 0.000000000000000e+00
609 			 237.519500780031194 			 0.000000000000000e+00
610 			 237.909516380655219 			 0.000000000000000e+00
611 			 238.299531981279245 			 0.000000000000000e+00
612 			 238.689547581903270 			 0.000000000000000e+00
613 			 239.079563182527295 			 0.000000000000000e+00
614 			 239.469578783151320 			 0.000000000000000e+00
615 			 239.859594383775345 			 0.000000000000000e+00
616 			 240.249609984399399 			 0.000000000000000e+00
617 			 240.639625585023424 			 0.000000000000000e+00
618 			 241.029641185647449 			 0.000000000000000e+00
619 			 241.419656786271474 			 0.000000000000000e+00
620 			 241.809672386895471 			 0.000000000000000e+00
621 			 242.199687987519496 			 0.000000000000000e+00
622 			 242.589703588143522 			 0.000000000000000e+00
623 			 242.979719188767547 			 0.000000000000000e+00
624 			 243.369734789391572 			 0.000000000000000e+00
625 			 243.759750390015597 			 0.000000000000000e+00
626 			 244.149765990639594 			 0.000000000000000e+00
627 			 244.539781591263647 			 0.000000000000000e+00
628 			 244.929797191887644 			 0.000000000000000e+00
629 			 245.319812792511698 			 0.000000000000000e+00
630 			 245.709828393135695 			 0.000000000000000e+00
631 			 246.099843993759748 			 0.000000000000000e+00
632 			 246.489859594383745 			 0.000000000000000e+00
633 			 246.879875195007799 			 0.000000000000000e+00
634 			 247.269890795631795 			 0.000000000000000e+00
635 			 247.659906396255849 			 0.000000000000000e+00
636 			 248.049921996879846 			 0.000000000000000e+00
637 			 248.439937597503899 			 0.000000000000000e+00
638 			 248.829953198127896 			 0.000000000000000e+00
639 			 249.219968798751950 			 0.000000000000000e+00
640 			 249.609984399375946 			 0.000000000000000e+00
641 			 250.000000000000000 			 0.000000000000000e+00
642 			 250.390015600624054 			 0.000000000000000e+00
643 			 250.780031201248050 			 0.000000000000000e+00
644 			 251.170046801872104 			 0.000000000000000e+00
645 			 251.560062402496101 			 0.000000000000000e+00
646 			 251.950078003120154 			 0.000000000000000e+00
647 			 252.340093603744151 			 0.000000000000000e+00
648 			 252.730109204368205 			 0.000000000000000e+00
649 			 253.120124804992201 			 0.000000000000000e+00
650 			 253.510140405616255 			 0.000000000000000e+00
651 			 253.900156006240252 			 0.000000000000000e+00
652 			 254.290171606864305 			 0.000000000000000e+00
653 			 254.680187207488302 			 0.000000000000000e+00
654 			 255.070202808112356 			 0.000000000000000e+00
655 			 255.460218408736353 			 0.000000000000000e+00
656 			 255.850234009360406 			 0.000000000000000e+00
657 			 256.240249609984403 			 0.000000000000000e+00
658 			 256.630265210608457 			 0.000000000000000e+00
659 			 257.020280811232453 			 0.000000000000000e+00
660 			 257.410296411856507 			 0.000000000000000e+00
661 			 257.800312012480504 			 0.000000000000000e+00
662 			 258.190327613104557 			 0.000000000000000e+00
663 			 258.580343213728554 			 0.000000000000000e+00
664 			 258.970358814352608 			 0.000000000000000e+00
665 			 259.360374414976604 			 0.000000000000000e+00
666 			 259.750390015600658 			 0.000000000000000e+00
667 			 260.140405616224655 			 0.000000000000000e+00
668 			 260.530421216848708 			 0.000000000000000e+00
669 			 260.920436817472705 			 0.000000000000000e+00
670 			 261.310452418096759 			 0.000000000000000e+00
671 			 261.700468018720755 			 0.000000000000000e+00
672 			 262.090483619344809 			 0.000000000000000e+00
673 			 262.480499219968806 			 0.000000000000000e+00
674 			 262.870514820592859 			 0.000000000000000e+00
675 			 263.260530421216856 			 0.000000000000000e+00
676 			 263.650546021840910 			 0.000000000000000e+00
677 			 264.040561622464907 			 0.000000000000000e+00
678 			 264.430577223088960 			 0.000000000000000e+00
679 			 264.820592823712957 			 0.000000000000000e+00
680 			 265.210608424337011 			 0.000000000000000e+00
681 			 265.600624024961007 			 0.000000000000000e+00
682 			 265.990639625585061 			 0.000000000000000e+00
683 			 266.380655226209058 			 0.000000000000000e+00
684 			 266.770670826833111 			 0.000000000000000e+00
685 			 267.160686427457108 			 0.000000000000000e+00
686 			 267.550702028081162 			 0.000000000000000e+00
687 			 267.940717628705158 			 0.000000000000000e+00
688 			 268.330733229329155 			 0.000000000000000e+00
689 			 268.720748829953209 			 0.000000000000000e+00
690 			 269.110764430577206 			 0.000000000000000e+00
691 			 269.500780031201259 			 0.000000000000000e+00
692 			 269.890795631825256 			 0.000000000000000e+00
693 			 270.280811232449310 			 0.000000000000000e+00
694 			 270.670826833073306 			 0.000000000000000e+00
695 			 271.060842433697360 			 0.000000000000000e+00
696 			 271.450858034321357 			 0.000000000000000e+00
697 			 271.840873634945410 			 0.000000000000000e+00
698 			 272.230889235569407 			 0.000000000000000e+00
699 			 272.620904836193461 			 0.000000000000000e+00
700 			 273.010920436817457 			 0.000000000000000e+00
701 			 273.400936037441511 			 0.000000000000000e+00
702 			 273.790951638065508 			 0.000000000000000e+00
703 			 274.180967238689561 			 0.000000000000000e+00
704 			 274.570982839313558 			 0.000000000000000e+00
705 			 274.960998439937612 			 0.000000000000000e+00
706 			 275.351014040561608 			 0.000000000000000e+00
707 			 275.741029641185662 			 0.000000000000000e+00
708 			 276.131045241809659 			 0.000000000000000e+00
709 			 276.521060842433712 			 0.000000000000000e+00
710 			 276.911076443057709 			 0.000000000000000e+00
711 			 277.301092043681763 			 0.000000000000000e+00
712 			 277.691107644305760 			 0.000000000000000e+00
713 			 278.081123244929813 			 0.000000000000000e+00
714 			 278.471138845553810 			 0.000000000000000e+00
715 			 278.861154446177864 			 0.000000000000000e+00
716 			 279.251170046801860 			 0.000000000000000e+00
717 			 279.641185647425914 			 0.000000000000000e+00
718 			 280.031201248049911 			 0.000000000000000e+00
719 			 280.421216848673964 			 0.000000000000000e+00
720 			 280.811232449297961 			 0.000000000000000e+00
721 			 281.201248049921958 			 0.000000000000000e+00
722 			 281.591263650546011 			 0.000000000000000e+00
723 			 281.981279251170008 			 0.000000000000000e+00
724 			 282.371294851794062 			 0.000000000000000e+00
725 			 282.761310452418059 			 0.000000000000000e+00
726 			 283.151326053042112 			 0.000000000000000e+00
727 			 283.541341653666109 			 0.000000000000000e+00
728 			 283.931357254290162 			 0.000000000000000e+00
729 			 284.321372854914159 			 0.000000000000000e+00
730 			 284.711388455538213 			 0.000000000000000e+00
731 			 285.101404056162210 			 0.000000000000000e+00
732 			 285.491419656786263 			 0.000000000000000e+00
733 			 285.881435257410260 			 0.000000000000000e+00
734 			 286.271450858034314 			 0.000000000000000e+00
735 			 286.661466458658310 			 0.000000000000000e+00
736 			 287.051482059282364 			 0.000000000000000e+00
737 			 287.441497659906361 			 0.000000000000000e+00
738 			 287.831513260530414 			 0.000000000000000e+00
739 			 288.221528861154411 			 0.000000000000000e+00
740 			 288.611544461778465 			 0.000000000000000e+00
741 			 289.001560062402461 			 0.000000000000000e+00
742 			 289.391575663026515 			 0.000000000000000e+00
743 			 289.781591263650512 			 0.000000000000000e+00
744 			 290.171606864274565 			 0.000000000000000e+00
745 			 290.561622464898562 			 0.000000000000000e+00
746 			 290.951638065522616 			 0.000000000000000e+00
747 			 291.341653666146613 			 0.000000000000000e+00
748 			 291.731669266770666 			 0.000000000000000e+00
749 			 292.121684867394663 			 0.000000000000000e+00
750 			 292.511700468018716 			 0.000000000000000e+00
751 			 292.901716068642713 			 0.000000000000000e+00
752 			 293.291731669266767 			 0.000000000000000e+00
753 			 293.681747269890764 			 0.000000000000000e+00
754 			 294.071762870514817 			 0.000000000000000e+00
755 			 294.461778471138814 			 0.000000000000000e+00
756 			 294.851794071762868 			 0.000000000000000e+00
757 			 295.241809672386864 			 0.000000000000000e+00
758 			 295.631825273010918 			 0.000000000000000e+00
759 			 296.021840873634915 			 0.000000000000000e+00
760 			 296.411856474258968 			 0.000000000000000e+00
761 			 296.801872074882965 			 0.000000000000000e+00
762 			 297.191887675507019 			 0.000000000000000e+00
763 			 297.581903276131015 			 0.000000000000000e+00
764 			 297.971918876755069 			 0.000000000000000e+00
765 			 298.361934477379066 			 0.000000000000000e+00
766 			 298.751950078003119 			 0.000000000000000e+00
767 			 299.141965678627116 			 0.000000000000000e+00
768 			 299.531981279251170 			 0.000000000000000e+00
769 			 299.921996879875223 			 0.000000000000000e+00
770 			 300.312012480499220 			 0.000000000000000e+00
771 			 300.702028081123274 			 0.000000000000000e+00
772 			 301.092043681747271 			 0.000000000000000e+00
773 			 301.482059282371324 			 0.000000000000000e+00
774 			 301.872074882995321 			 0.000000000000000e+00
775 			 302.262090483619374 			 0.000000000000000e+00
776 			 302.652106084243371 			 0.000000000000000e+00
777 			 303.042121684867425 			 0.000000000000000e+00
778 			 303.432137285491422 			 0.000000000000000e+00
779 			 303.822152886115475 			 0.000000000000000e+00
780 			 304.212168486739472 			 0.000000000000000e+00
781 			 304.602184087363526 			 0.000000000000000e+00
782 			 304.992199687987522 			 0.000000000000000e+00
783 			 305.382215288611576 			 0.000000000000000e+00
784 			 305.772230889235573 			 0.000000000000000e+00
785 			 306.162246489859626 			 0.000000000000000e+00
786 			 306.552262090483623 			 0.000000000000000e+00
787 			 306.942277691107677 			 0.000000000000000e+00
788 			 307.332293291731673 			 0.000000000000000e+00
789 			 307.722308892355727 			 0.000000000000000e+00
790 			 308.112324492979724 			 0.000000000000000e+00
791 			 308.502340093603777 			 0.000000000000000e+00
792 			 308.892355694227774 			 0.000000000000000e+00
793 			 309.282371294851828 			 0.000000000000000e+00
794 			 309.672386895475825 			 0.000000000000000e+00
795 			 310.062402496099878 			 0.000000000000000e+00
796 			 310.452418096723875 			 0.000000000000000e+00
797 			 310.842433697347929 			 0.000000000000000e+00
798 			 311.232449297971925 			 0.000000000000000e+00
799 			 311.622464898595979 			 0.000000000000000e+00
800 			 312.012480499219976 			 0.000000000000000e+00
801 			 312.402496099844029 			 0.000000000000000e+00
802 			 312.792511700468026 			 0.000000000000000e+00
803 			 313.182527301092080 			 0.000000000000000e+00
804 			 313.572542901716076 			 0.000000000000000e+00
805 			 313.962558502340130 			 0.000000000000000e+00
806 			 314.352574102964127 			 0.000000000000000e+00
807 			 314.742589703588180 			 0.000000000000000e+00
808 			 315.132605304212177 			 0.000000000000000e+00
809 			 315.522620904836231 			 0.000000000000000e+00
810 			 315.912636505460227 			 0.000000000000000e+00
811 			 316.302652106084281 			 0.000000000000000e+00
812 			 316.692667706708278 			 0.000000000000000e+00
813 			 317.082683307332275 			 0.000000000000000e+00
814 			 317.472698907956328 			 0.000000000000000e+00
815 			 317.862714508580325 			 0.000000000000000e+00
816 			 318.252730109204379 			 0.000000000000000e+00
817 			 318.642745709828375 			 0.000000000000000e+00
818 			 319.032761310452429 			 0.000000000000000e+00
819 			 319.422776911076426 			 0.000000000000000e+00
820 			 319.812792511700479 			 0.000000000000000e+00
821 			 320.202808112324476 			 0.000000000000000e+00
822 			 320.592823712948530 			 0.000000000000000e+00
823 			 320.982839313572526 			 0.000000000000000e+00
824 			 321.372854914196580 			 0.000000000000000e+00
825 			 321.762870514820577 			 0.000000000000000e+00
826 			 322.152886115444630 			 0.000000000000000e+00
827 			 322.542901716068627 			 0.000000000000000e+00
828 			 322.932917316692681 			 0.000000000000000e+00
829 			 323.322932917316678 			 0.000000000000000e+00
830 			 323.712948517940731 			 0.000000000000000e+00
831 			 324.102964118564728 			 0.000000000000000e+00
832 			 324.492979719188781 			 0.000000000000000e+00
833 			 324.882995319812778 			 0.000000000000000e+00
834 			 325.273010920436832 			 0.000000000000000e+00
835 			 325.663026521060829 			 0.000000000000000e+00
836 			 326.053042121684882 			 0.000000000000000e+00
837 			 326.443057722308879 			 0.000000000000000e+00
838 			 326.833073322932933 			 0.000000000000000e+00
839 			 327.223088923556929 			 0.000000000000000e+00
840 			 327.613104524180983 			 0.000000000000000e+00
841 			 328.003120124804980 			 0.000000000000000e+00
842 			 328.393135725429033 			 0.000000000000000e+00
843 			 328.783151326053030 			 0.000000000000000e+00
844 			 329.173166926677084 			 0.000000000000000e+00
845 			 329.563182527301080 			 0.000000000000000e+00
846 			 329.953198127925134 			 0.000000000000000e+00
847 			 330.343213728549131 			 0.000000000000000e+00
848 			 330.733229329173184 			 0.000000000000000e+00
849 			 331.123244929797181 			 0.000000000000000e+00
850 			 331.513260530421235 			 0.000000000000000e+00
851 			 331.903276131045232 			 0.000000000000000e+00
852 			 332.293291731669228 			 0.000000000000000e+00
853 			 332.683307332293282 			 0.000000000000000e+00
854 			 333.073322932917279 			 0.000000000000000e+00
855 			 333.463338533541332 			 0.000000000000000e+00
856 			 333.853354134165329 			 0.000000000000000e+00
857 			 334.243369734789383 			 0.000000000000000e+00
858 			 334.633385335413379 			 0.000000000000000e+00
859 			 335.023400936037433 			 0.000000000000000e+00
860 			 335.413416536661430 			 0.000000000000000e+00
861 			 335.803432137285483 			 0.000000000000000e+00
862 			 336.193447737909480 			 0.000000000000000e+00
863 			 336.583463338533534 			 0.000000000000000e+00
864 			 336.973478939157530 			 0.000000000000000e+00
865 			 337.363494539781584 			 0.000000000000000e+00
866 			 337.753510140405581 			 0.000000000000000e+00
867 			 338.143525741029634 			 0.000000000000000e+00
868 			 338.533541341653631 			 0.000000000000000e+00
869 			 338.923556942277685 			 0.000000000000000e+00
870 			 339.313572542901682 			 0.000000000000000e+00
871 			 339.703588143525735 			 0.000000000000000e+00
872 			 340.093603744149732 			 0.000000000000000e+00
873 			 340.483619344773786 			 0.000000000000000e+00
874 			 340.873634945397782 			 0.000000000000000e+00
875 			 341.263650546021836 			 0.000000000000000e+00
876 			 341.653666146645833 			 0.000000000000000e+00
877 			 342.043681747269886 			 0.000000000000000e+00
878 			 342.433697347893883 			 0.000000000000000e+00
879 			 342.823712948517937 			 0.000000000000000e+00
880 			 343.213728549141933 			 0.000000000000000e+00
881 			 343.603744149765987 			 0.000000000000000e+00
882 			 343.993759750389984 			 0.000000000000000e+00
883 			 344.383775351014037 			 0.000000000000000e+00
884 			 344.773790951638034 			 0.000000000000000e+00
885 			 345.163806552262088 			 0.000000000000000e+00
886 			 345.553822152886084 			 0.000000000000000e+00
887 			 345.943837753510138 			 0.000000000000000e+00
888 			 346.333853354134135 			 0.000000000000000e+00
889 			 346.723868954758188 			 0.000000000000000e+00
890 			 347.113884555382185 			 0.000000000000000e+00
891 			 347.503900156006239 			 0.000000000000000e+00
892 			 347.893915756630236 			 0.000000000000000e+00
893 			 348.283931357254289 			 0.000000000000000e+00
894 			 348.673946957878286 			 0.000000000000000e+00
895 			 349.063962558502340 			 0.000000000000000e+00
896 			 349.453978159126336 			 0.000000000000000e+00
897 			 349.843993759750390 			 0.000000000000000e+00
898 			 350.234009360374444 			 0.000000000000000e+00
899 			 350.624024960998440 			 0.000000000000000e+00
900 			 351.014040561622494 			 0.000000000000000e+00
901 			 351.404056162246491 			 0.000000000000000e+00
902 			 351.794071762870544 			 0.000000000000000e+00
903 			 352.184087363494541 			 0.000000000000000e+00
904 			 352.574102964118595 			 0.000000000000000e+00
905 			 352.964118564742591 			 0.000000000000000e+00
906 			 353.354134165366645 			 0.000000000000000e+00
907 			 353.744149765990642 			 0.000000000000000e+00
908 			 354.134165366614695 			 0.000000000000000e+00
909 			 354.524180967238692 			 0.000000000000000e+00
910 			 354.914196567862746 			 0.000000000000000e+00
911 			 355.304212168486742 			 0.000000000000000e+00
912 			 355.694227769110796 			 0.000000000000000e+00
913 			 356.084243369734793 			 0.000000000000000e+00
914 			 356.474258970358846 			 0.000000000000000e+00
915 			 356.864274570982843 			 0.000000000000000e+00
916 			 357.254290171606897 			 0.000000000000000e+00
917 			 357.644305772230894 			 0.000000000000000e+00
918 			 358.034321372854947 			 0.000000000000000e+00
919 			 358.424336973478944 			 0.000000000000000e+00
920 			 358.814352574102998 			 0.000000000000000e+00
921 			 359.204368174726994 			 0.000000000000000e+00
922 			 359.594383775351048 			 0.000000000000000e+00
923 			 359.984399375975045 			 0.000000000000000e+00
924 			 360.374414976599098 			 0.000000000000000e+00
925 			 360.764430577223095 			 0.000000000000000e+00
926 			 361.154446177847149 			 0.000000000000000e+00
927 			 361.544461778471145 			 0.000000000000000e+00
928 			 361.934477379095199 			 0.000000000000000e+00
929 			 362.324492979719196 			 0.000000000000000e+00
930 			 362.714508580343249 			 0.000000000000000e+00
931 			 363.104524180967246 			 0.000000000000000e+00
932 			 363.494539781591300 			 0.000000000000000e+00
933 			 363.884555382215297 			 0.000000000000000e+00
934 			 364.274570982839350 			 0.000000000000000e+00
935 			 364.664586583463347 			 0.000000000000000e+00
936 			 365.054602184087400 			 0.000000000000000e+00
937 			 365.444617784711397 			 0.000000000000000e+00
938 			 365.834633385335394 			 0.000000000000000e+00
939 			 366.224648985959448 			 0.000000000000000e+00
940 			 366.614664586583444 			 0.000000000000000e+00
941 			 367.004680187207498 			 0.000000000000000e+00
942 			 367.394695787831495 			 0.000000000000000e+00
943 			 367.784711388455548 			 0.000000000000000e+00
944 			 368.174726989079545 			 0.000000000000000e+00
945 			 368.564742589703599 			 0.000000000000000e+00
946 			 368.954758190327595 			 0.000000000000000e+00
947 			 369.344773790951649 			 0.000000000000000e+00
948 			 369.734789391575646 			 0.000000000000000e+00
949 			 370.124804992199699 			 0.000000000000000e+00
950 			 370.514820592823696 			 0.000000000000000e+00
951 			 370.904836193447750 			 0.000000000000000e+00
952 			 371.294851794071747 			 0.000000000000000e+00
953 			 371.684867394695800 			 0.000000000000000e+00
954 			 372.074882995319797 			 0.000000000000000e+00
955 			 372.464898595943851 			 0.000000000000000e+00
956 			 372.854914196567847 			 0.000000000000000e+00
957 			 373.244929797191901 			 0.000000000000000e+00
958 			 373.634945397815898 			 0.000000000000000e+00
959 			 374.024960998439951 			 0.000000000000000e+00
960 			 374.414976599063948 			 0.000000000000000e+00
961 			 374.804992199688002 			 0.000000000000000e+00
962 			 375.195007800311998 			 0.000000000000000e+00
963 			 375.585023400936052 			 0.000000000000000e+00
964 			 375.975039001560049 			 0.000000000000000e+00
965 			 376.365054602184102 			 0.000000000000000e+00
966 			 376.755070202808099 			 0.000000000000000e+00
967 			 377.145085803432153 			 0.000000000000000e+00
968 			 377.535101404056149 			 0.000000000000000e+00
969 			 377.925117004680203 			 0.000000000000000e+00
970 			 378.315132605304200 			 0.000000000000000e+00
971 			 378.705148205928253 			 0.000000000000000e+00
972 			 379.095163806552250 			 0.000000000000000e+00
973 			 379.485179407176304 			 0.000000000000000e+00
974 			 379.875195007800301 			 0.000000000000000e+00
975 			 380.265210608424354 			 0.000000000000000e+00
976 			 380.655226209048408 			 0.000000000000000e+00
977 			 381.045241809672405 			 0.000000000000000e+00
978 			 381.435257410296458 			 0.000000000000000e+00
979 			 381.825273010920455 			 0.000000000000000e+00
980 			 382.215288611544452 			 0.000000000000000e+00
981 			 382.605304212168505 			 0.000000000000000e+00
982 			 382.995319812792502 			 0.000000000000000e+00
983 			 383.385335413416499 			 0.000000000000000e+00
984 			 383.775351014040552 			 0.000000000000000e+00
985 			 384.165366614664549 			 0.000000000000000e+00
986 			 384.555382215288603 			 0.000000000000000e+00
987 			 384.945397815912600 			 0.000000000000000e+00
988 			 385.335413416536653 			 0.000000000000000e+00
989 			 385.725429017160650 			 0.000000000000000e+00
990 			 386.115444617784703 			 0.000000000000000e+00
991 			 386.505460218408700 			 0.000000000000000e+00
992 			 386.895475819032754 			 0.000000000000000e+00
993 			 387.285491419656751 			 0.000000000000000e+00
994 			 387.675507020280804 			 0.000000000000000e+00
995 			 388.065522620904801 			 0.000000000000000e+00
996 			 388.455538221528855 			 0.000000000000000e+00
997 			 388.845553822152851 			 0.000000000000000e+00
998 			 389.235569422776905 			 0.000000000000000e+00
999 			 389.625585023400902 			 0.000000000000000e+00
1000 			 390.015600624024955 			 0.000000000000000e+00
